      -9486.0000    0.0039152620    0.0046000000
      -8719.0000    0.0011992230    0.0046000000
      -7922.0000    0.0041126740    0.0012000000
      -7914.0000    0.0078405380    0.0046000000
      -7091.0000    0.0003195470    0.0069000000
      -6384.0000    0.0022445280    0.0030000000
      -150.00000    0.00013255000   0.00050000000
      0.000000  -1.99999e-05   0.00038000000
       1498.0000    0.00041253401   0.00033000000
       1499.0000   -0.00037648300   0.00030000000
       1500.0000  -0.00040550000   0.00034000000
       2483.0000   0.00032078900   0.00031000000
       2484.0000  -0.00053822799   0.00033000000
       2485.0000  -0.00024724500   0.00029000000
       9241.0000   0.00015390300   0.00030000000
       13259.000    0.0010835970   0.00070000000
       15737.000   0.00081947100   0.00040000000
       20413.000    0.0034659790   0.00035000000
       20414.000    0.0043869620   0.00023000000
       21913.000    0.0043904790    0.0012000000
       23167.000    0.0067831610    0.0023000000
       26560.000    0.0067884800    0.0019000000
       27402.000    0.0086461660   0.00031000000
       29371.000     0.011221693   0.00030000000
       29612.000     0.011368596   0.00038000000
       29746.000     0.011450318   0.00085000000
       31310.000     0.011957730   0.00037000000
       36172.000     0.016217076   0.00090000000
       38742.000     0.018963386   0.00056000000
      44230.00    0.02614809   8.0000000e-05
      44233.00    0.02788103   9.0000000e-05
      44246.00    0.02651381   7.0000000e-05
      44262.00    0.02632954   7.0000000e-05
