     0.015625000       89.905715       1.3234315
     0.046875000       91.639542       1.3361317
     0.078125000       94.016247       1.3533473
      0.10937500       91.074587       1.3320066
      0.14062500       90.197933       1.3255805
      0.17187500       89.886234       1.3232880
      0.20312500       88.074483       1.3098840
      0.23437500       85.912070       1.2937039
      0.26562500       87.529009       1.3058215
      0.29687500       86.749762       1.2999958
      0.32812500       87.217310       1.3034943
      0.35937500       84.548387       1.2833954
      0.39062500       87.041980       1.3021835
      0.42187500       87.275754       1.3039309
      0.45312500       88.347220       1.3119106
      0.48437500       87.061461       1.3023292
      0.51562500       87.178348       1.3032031
      0.54687500       86.983536       1.3017462
      0.57812500       86.496506       1.2980968
      0.60937500       88.464107       1.3127781
      0.64062500       89.418685       1.3198420
      0.67187500       89.340761       1.3192667
      0.70312500       91.035625       1.3317217
      0.73437500       88.775806       1.3150889
      0.76562500       88.522550       1.3132117
      0.79687500       88.834250       1.3155217
      0.82812500       89.574535       1.3209917
      0.85937500       88.756325       1.3149446
      0.89062500       90.977181       1.3312941
      0.92187500       92.146053       1.3398191
      0.95312500       91.561617       1.3355635
      0.98437500       90.626519       1.3287261
