                 3.3137872012233998e+038                 1.2367373616917928e+026
                 8.9218803059497685e+037                 5.8990606057680786e+023
                 5.0172711756120436e+037                 3.2320722712841742e+025
                 1.0283147893184546e+038                 2.3658382795998875e+023
                 6.5776400764829233e+037                 3.7049519086318761e+023
                 1.8303818884420127e+037                 2.7937929815372989e+023
                 5.4401763127882218e+037                 1.8225732214588170e+023
                 6.1954376096417960e+037                 2.1159489831628947e+023
                 1.5642961569635619e+038                 3.1310820715664423e+023
                 2.0146598968698701e+038                 7.0383105787730842e+023
                 6.3752434606090521e+037                 2.1239069800636454e+023
                 8.1903156082444646e+037                 2.1855698483500836e+025
                 2.6687571727324097e+038                 2.4661308353941595e+024
                 1.1613401558712849e+037                 4.6241177647423100e+022
                 1.0584464078224148e+037                 7.2617116768258870e+022
                 1.6101858388709272e+037                 8.8316786125652105e+022
                 4.0397679961218586e+037                 7.2304440107989471e+022
                 2.8695768874520495e+037                 4.5489843936856321e+022
                 1.8163091230901825e+038                 8.4767729560695042e+023
                 1.7870939111533122e+038                 3.8894908854653172e+026
                 1.0301784196221105e+038                 1.7042708373845499e+024
                 2.7694378140522141e+038                 1.7721507276060655e+024
                 3.8982192451411984e+037                 1.6087457656896167e+023
                 1.5670359264413962e+038                 4.7349268311972873e+023
                 1.4195333550331276e+037                 3.4979562732294198e+022
                 6.1423051578290658e+037                 7.6340485973427313e+023
                 4.3213379135081723e+037                 1.2820852934637325e+023
                 9.4285679467446151e+037                 1.5062330436916494e+024
                 8.3641978182322472e+036                 1.1818787724467496e+022
                 5.2427741784025380e+037                 1.4557944066046107e+025
                 4.6655363917505508e+036                 4.6556767936631458e+022
                 4.1067111482269201e+037                 2.2186267960324857e+023
                 4.8741117805843510e+036                 9.6484292661460322e+022
                 2.7145047470623094e+038                 2.2197348315247053e+024
                 3.3992999326100138e+038                 3.0407832438340797e+024
                 1.1430961808222427e+038                 3.1586247379687373e+023
                 3.2401224200836912e+037                 1.4888336473427498e+023
                 2.1212746476571525e+037                 4.6100410210343760e+023
                 2.7870098273164331e+036                 1.0611231354733363e+022
                 1.1948662618575108e+038                 1.8969553154663958e+026
                 3.1415670494956353e+037                 4.4768038838939838e+022
                 9.4981240591045843e+037                 2.5388876401904145e+024
                 5.6415264880917492e+037                 7.2074730000746473e+023
                 1.8810061488638216e+038                 6.0218526033165293e+023
                 3.3191185829644554e+037                 3.6905833288037228e+023
                 9.4309292128296562e+037                 6.4258155704676523e+023
                 6.6358889604302950e+037                 7.6539889679592105e+023
                 4.4094191596003528e+036                 9.5276173797860550e+022
                 4.1657318136150935e+037                 2.1445503520019092e+024
                 6.8817979167496223e+037                 5.9235132195716142e+024
                 8.7230967232620442e+037                 9.8048735992361825e+023
                 1.5647761878982276e+037                 9.4995549685358868e+022
                 6.1631481545068000e+037                 9.9550641672800947e+023
                 1.6297053409132806e+038                 7.3192298761341377e+023
                 6.7332068145082220e+038                 5.9103574546859260e+024
                 1.4139738491938017e+038                 9.6905420018397778e+023
                 8.4549653654438396e+036                 9.6224346089102103e+022
                 4.6204780350660674e+036                 2.8975354388054937e+022
                 4.3753830400760570e+038                 2.0775445969654094e+024
                 3.0827981586453560e+037                 1.8539574130471342e+025
                 6.9482554703062115e+036                 6.2917835762709463e+022
                 2.3743442718192909e+037                 6.7112937846671806e+023
                 7.0068645081516641e+038                 7.1430493942356417e+024
                 9.4993399254685546e+038                 1.0076090935850439e+024
                 1.7376415345075749e+038                 3.0901578647515911e+024
                 1.1649005973208382e+038                 1.0590605917694128e+024
                 2.2072063965467892e+037                 8.3909598120496871e+023
                 8.7300585434361622e+037                 3.5004475782813045e+023
                 3.6127349396403596e+038                 4.0268567499384382e+023
                 3.0469982545806097e+037                 3.6915761281176472e+022
                 4.4545223588627419e+037                 2.1768835425080890e+023
                 2.3509584680680716e+038                 7.4956436120565783e+023
                 5.3613969477806097e+037                 1.9227389740090454e+024
                 3.8814355830903891e+037                 4.0658578165142917e+024
                 3.8028737453515294e+037                 1.8672273088726981e+023
                 3.4722456275873070e+037                 1.2313145592337380e+023
                 2.6061034628358190e+038                 6.2498177411930130e+023
                 8.2526081568901143e+038                 1.8712203023386933e+026
                 3.0090906145473130e+037                 7.2878115743066040e+022
                 5.3972176116109327e+036                 2.6211780883936759e+022
                 1.4464034629480184e+037                 1.3538997768267881e+023
                 5.8379986124055184e+036                 5.3304906546875696e+022
                 2.1470318238873344e+037                 4.2441442593452656e+022
                 4.2296612390775203e+038                 1.9971252527432472e+024
                 3.7791566067426503e+037                 1.8048482990091723e+023
                 4.8069923089336569e+037                 2.8687324488239841e+023
                 9.9454461998651026e+037                 8.1348979953024781e+023
                 1.3214858319297116e+037                 9.5792293258483716e+022
                 3.4540147206755561e+038                 1.7184350921354969e+027
                 2.0296178905240328e+037                 8.7245769259357080e+022
                 6.1869805850983144e+037                 1.0283589769455875e+023
                 2.6358447219749738e+038                 7.7711298613689337e+024
                 7.9559520093089058e+037                 1.4086220224379406e+023
                 8.7121962536423669e+036                 1.2715694761969141e+022
                 3.1543653366560301e+036                 9.1378273420352778e+021
                 1.8781245310841257e+037                 7.2037893621937020e+022
                 3.0681225314465683e+036                 2.8523379448135171e+021
                 3.0810463508825076e+037                 5.5033212441910072e+022
                 5.5242168621542040e+037                 4.7092958814042564e+023
                 7.0938065927774686e+037                 1.3317318458001326e+023
                 2.6635037306725885e+037                 5.4716722067740002e+022
                 3.7737753426381045e+037                 4.2874922325421744e+023
                 7.6900831852392061e+037                 5.3465343712473627e+023
                 4.4904168775749875e+037                 3.1752601098729126e+023
                 1.8172459975171796e+037                 3.1092320901571023e+023
                 7.4623091905088424e+036                 3.0504675504423029e+022
                 2.7122022520600694e+038                 1.1080030551040924e+024
                 1.0666514553413142e+036                 1.0375564037792008e+022
                 5.0232889313717464e+037                 2.4402125362703751e+024
                 3.1654348906974746e+037                 1.8430102018635687e+023
                 2.5034350026168691e+038                 1.4091561125263354e+026
                 1.4793529665503376e+037                 5.5163089876015571e+022
                 7.1327414260410230e+037                 1.7895264672340471e+024
                 1.2125130861716258e+038                 4.7422838806386002e+023
                 1.8225500416647199e+037                 2.3485710421509469e+022
                 7.7463479004361670e+036                 1.0326901309872598e+022
                 2.1240434090530344e+037                 1.1557155018100658e+023
                 5.0053044382790628e+037                 1.7489455382708983e+023
                 6.2170632274721419e+036                 6.5051630296025908e+021
                 2.6777644829715314e+038                 1.1837640050246488e+024
                 3.1262578327969542e+038                 9.0430479621436912e+023
                 1.1707464252786873e+038                 1.2254931483735208e+024
                 6.6093906006303430e+038                 2.7693884450841432e+024
                 1.3987480316169759e+038                 9.3116042862948044e+023
                 1.9715634850691825e+038                 1.8605684810931390e+024
                 3.0408845556171208e+037                 2.3051783944193413e+023
                 2.0134022952348465e+038                 8.4202094420423949e+023
                 1.0064712559710100e+037                 6.9952886529404623e+022
                 1.5005955294856341e+038                 1.5616201039956456e+024
                 1.6529916567954543e+037                 4.6784529232703984e+022
                 3.4889092173493894e+037                 1.9469613908783307e+023
                 6.8992501091136904e+037                 2.3486232696404759e+023
                 6.0228574890574486e+037                 7.5483653158129689e+023
                 1.0781549416420613e+037                 1.3030390625198525e+022
                 2.1157942061412270e+037                 3.3993514178692931e+022
                 1.1108679664986695e+037                 2.2527406393527563e+022
                 5.6089076995342426e+037                 4.0122916383090975e+024
                 6.8162822376373073e+038                 2.6311497019966386e+024
                 5.2649947612735376e+037                 2.2260094850596426e+023
                 1.0832780769672275e+039                 2.0538532192223977e+024
                 7.3669069578958546e+037                 1.1253962173043002e+024
                 4.7889868961793598e+037                 1.1915708283001175e+024
