                 2.0912099645322602e+035                 3.1382222183498396e+024
                 2.6189169061203743e+037                 1.4717374911240253e+025
                 1.8549558481408218e+035                 5.6410356200834371e+024
                 2.1496541825658491e+036                 2.2552115541896462e+025
                 1.1123147011469406e+035                 8.0111910149322946e+024
                 8.2911068166267253e+036                 1.2086368069544727e+025
                 6.2419083603615701e+035                 2.6037659027654486e+026
                 1.9213447565082758e+035                 1.4183851020538465e+025
                 1.7072590225213015e+038                 8.8397710485387219e+026
                 2.7866211446035250e+035                 1.0672513995351027e+025
                 8.5678022327788608e+038                 9.1977719772904343e+026
                 7.4917826899685263e+038                 1.0386842301752341e+027
                 1.0102802108007044e+037                 7.4911444775543455e+025
                 3.9021070650202176e+038                 4.8563266815350340e+026
                 5.8627131694945215e+036                 8.0380343779932414e+025
                 1.1277119663807123e+037                 3.2771457004770208e+025
                 2.4304634393292459e+036                 1.1575748683939927e+025
                 2.2480018349029713e+038                 5.3274697116335362e+027
                 1.0163767075623552e+038                 7.6801614714671611e+025
                 1.0269865379783580e+038                 2.1618528689870186e+026
                 5.1101331402985478e+037                 2.6601826831179161e+026
                 1.3240101273104823e+037                 4.0040322906959497e+025
                 2.5927322448064161e+037                 8.1717413458384914e+025
                 6.9630722219161479e+034                 3.6499706776186040e+024
                 2.4216216003064958e+037                 4.6982528785335809e+025
                 2.6076914180956940e+037                 4.4862316529449303e+025
                 1.3328788928362727e+038                 5.2217405566370865e+026
                 6.5947226397694027e+037                 2.7363419128908544e+026
                 3.1445571898337249e+037                 1.3412917571515908e+027
                 2.3101582584633661e+038                 8.2136736264436751e+026
                 1.0454859495993252e+037                 6.6640892359724326e+026
                 1.0255240494605156e+038                 2.7756332621973200e+027
                 1.0716017819155320e+039                 6.2843408023535384e+027
                 3.4091933309375506e+037                 1.5084364603746049e+027
                 8.2885395591259861e+037                 2.9670673562484085e+026
                 7.9891646106068041e+036                 4.0003715534534618e+026
                 1.4810134878897920e+037                 1.7368444727461104e+027
                 5.3444123082962039e+037                 1.7415721788250518e+026
                 7.8833547129385743e+038                 1.2826952256184114e+027
                 1.3340445298553532e+038                 7.7478869848756745e+026
                 2.2525969102855496e+038                 6.4122911248365458e+026
                 3.3635434226976057e+038                 2.1015948633505122e+027
                 1.1138111740117698e+038                 4.7931014660796127e+026
                 1.0584992743632406e+038                 7.1188086559221407e+026
