                 9.8566400184292307e+035                 9.7016927059955962e+021
                 2.8808224867715261e+035                 3.8988392958325330e+021
                 1.0432669982740156e+036                 8.7553644555499041e+021
                 2.4674645728770813e+036                 1.5776216923553764e+022
                 1.3473206480046548e+036                 1.5472378480284737e+022
                 3.1555143469191860e+035                 2.2097132193637052e+021
                 7.6447415319501493e+035                 7.5535786663811366e+021
                 3.7466150148847525e+035                 2.9072131090395205e+021
                 1.6475331558854933e+036                 1.3981580157748089e+022
                 5.2813313787729573e+035                 1.7372043523514284e+021
                 4.5758671565757624e+036                 2.9419871119727844e+022
                 3.7291866207608071e+035                 2.8196967725577137e+021
                 1.7077768086398032e+036                 2.0060980136767683e+022
                 9.7765282493095313e+035                 9.2474822644048320e+021
                 1.1668533214281403e+036                 1.0758424138067997e+022
                 1.6335565051590255e+035                 2.9669135854504719e+021
                 5.1765108611640083e+035                 9.0134072008747505e+021
                 4.5254076178009709e+035                 3.2040186977617482e+021
                 4.2465071283711521e+035                 2.3478331233938044e+021
                 2.0300226204111548e+036                 1.8478130026081860e+022
                 4.8710213491016625e+035                 4.8170306813363413e+021
                 3.0919625935373430e+035                 1.4178242994806467e+021
                 2.9945220456411012e+035                 2.8658828741481050e+021
                 9.6463253370940348e+035                 7.2254997137682407e+021
                 4.6796990492230954e+035                 3.0551879437145751e+021
                 1.4049107472621622e+036                 9.8414112913718552e+021
                 2.6013119853894399e+036                 3.6912696798736122e+022
                 2.8108207084829932e+035                 1.1779702239420662e+021
                 4.8441692524347859e+035                 1.2167541378543381e+021
                 6.0537887074733921e+035                 5.3288526673422005e+021
                 1.9419323261564332e+035                 1.4642503860101532e+021
                 1.1400114222276199e+036                 1.7038033796529350e+022
                 9.6274704457228271e+035                 4.3752057831925015e+021
                 1.1593389243074965e+036                 5.5660409562972857e+021
                 5.6443351827667224e+035                 4.8165497958784293e+021
                 7.1207084291484180e+035                 7.1180412341923023e+021
                 6.2519324085516456e+035                 3.7160820935880553e+021
                 1.2312041366731965e+036                 1.0791036663771066e+022
                 9.3017660312847093e+035                 2.9517836927032288e+021
                 5.1189029695839461e+035                 4.1303043303425358e+021
                 4.3873729028755812e+035                 3.6356019285077483e+021
                 7.1782747269761365e+035                 1.1079679465226028e+022
                 5.0626773453975428e+035                 3.6193570504974569e+021
                 1.1244387052796471e+036                 2.1121931005019600e+022
                 5.4519096353900978e+035                 7.1643883310787907e+021
                 4.1631011810105755e+035                 2.9300291645001957e+021
                 2.2737590849566971e+035                 4.5637472846746967e+021
                 1.4891765426345420e+035                 1.0521497526235846e+021
                 6.5017350654397615e+035                 4.2588816316530410e+021
                 1.4692441585288036e+036                 1.0490990438301624e+022
                 6.5241557994987413e+035                 1.3254169954685181e+022
                 1.0293609097424709e+036                 2.9573074372802422e+022
                 1.5744994044232704e+035                 8.0051488853341530e+020
